 lmag; ly E_rhf, ly E1e, ly E2e, ly E1de, ly E1qe, ly E2de, ly de, ly nuc, lz E_rhf, lz E1e, lz E2e, lz E1de, lz E1qe, lz E2de, lz de, lz nuc, lyz E_rhf, lyz E1e, lyz E2e, lyz E1de, lyz E1qe, lyz E2de, lyz de, lyz nuc 
 0.000  -113.877222  -218.283596    72.626008     0.000000     0.000000     0.000000     0.000000    31.780366  -113.877222  -218.283596    72.626008     0.000000     0.000000     0.000000     0.000000    31.780366  -113.877222  -218.283596    72.626008     0.000000     0.000000     0.000000     0.000000    31.780366 
 0.020  -113.875814  -218.286949    72.629362    -0.000000     0.002937    -0.001530     0.000000    31.780366  -113.875545  -218.286681    72.629093    -0.000568     0.007179    -0.005219     0.000284    31.780366  -113.875679  -218.286805    72.629217    -0.000284     0.005058    -0.003374     0.000142    31.780366 
 0.040  -113.871597  -218.296946    72.639369    -0.000000     0.011735    -0.006121     0.000000    31.780366  -113.870522  -218.295829    72.638253    -0.002246     0.028708    -0.020897     0.001123    31.780366  -113.871061  -218.296384    72.638809    -0.001118     0.020213    -0.013505     0.000559    31.780366 
 0.060  -113.864595  -218.313331    72.655797    -0.000000     0.026353    -0.013781     0.000000    31.780366  -113.862179  -218.310941    72.653410    -0.004954     0.064560    -0.047096     0.002477    31.780366  -113.863393  -218.312013    72.654486    -0.002453     0.045412    -0.030417     0.001226    31.780366 
 0.080  -113.854848  -218.335675    72.678252    -0.000000     0.046728    -0.024519     0.000000    31.780366  -113.850555  -218.331704    72.674290    -0.008566     0.114691    -0.083915     0.004283    31.780366  -113.852718  -218.333378    72.675972    -0.004215     0.080576    -0.054146     0.002107    31.780366 
 0.100  -113.842404  -218.363498    72.706292    -0.000000     0.072778    -0.038342     0.000000    31.780366  -113.835706  -218.357830    72.700653    -0.012919     0.179047    -0.131482     0.006459    31.780366  -113.839090  -218.360052    72.702881    -0.006315     0.125607    -0.084734     0.003158    31.780366 
 0.120  -113.827319  -218.396347    72.739506    -0.000000     0.104414    -0.055258     0.000000    31.780366  -113.817694  -218.388959    72.732193    -0.017817     0.257563    -0.189949     0.008909    31.780366  -113.822567  -218.391551    72.734772    -0.008658     0.180401    -0.122225     0.004329    31.780366 
 0.140  -113.809654  -218.433642    72.777353    -0.000000     0.141537    -0.075267     0.000000    31.780366  -113.796594  -218.424805    72.768683    -0.023043     0.350169    -0.259485     0.011522    31.780366  -113.803213  -218.427527    72.771337    -0.011148     0.244847    -0.166661     0.005574    31.780366 
 0.160  -113.789471  -218.474995    72.819476    -0.000000     0.184047    -0.098366     0.000000    31.780366  -113.772486  -218.464988    72.809802    -0.028364     0.456789    -0.340273     0.014182    31.780366  -113.781097  -218.467604    72.812236    -0.013689     0.318837    -0.218087     0.006845    31.780366 
 0.180  -113.766834  -218.519940    72.865439    -0.000000     0.231847    -0.124546     0.000000    31.780366  -113.745457  -218.509203    72.855309    -0.033538     0.577348    -0.432508     0.016769    31.780366  -113.756283  -218.511460    72.857186    -0.016193     0.402264    -0.276542     0.008097    31.780366 
 0.200  -113.741802  -218.568135    72.914925    -0.000000     0.284838    -0.153795     0.000000    31.780366  -113.715597  -218.557196    72.905017    -0.038317     0.711769    -0.536395     0.019158    31.780366  -113.728842  -218.558807    72.905934    -0.018577     0.495024    -0.342069     0.009288    31.780366 
