# comparison of the prism of CISS methods for cc-pVDZ formaldehyde
# col 0: lambda value
# col 1-3: CISS-PF  |g,0>, |LP>, |UP>
# col 4-6: CISS-JC  |g,0>, |LP>, |UP>
# col 7-9: CIS-PF   |g,0>, |LP>, |UP>
# col 10-12: CIS-JC |g,0>, |LP>, |UP>
0.0 -113.87722217661766 -113.49920247661767 -113.49920245614415 -113.87722217661766 -113.49920247661767 -113.49920245614415 -113.87722217661766 -113.49920247661767 -113.49920245614416 -113.87722217661766 -113.49920247661767 -113.49920245614416
0.01 -113.87692823844047 -113.5003310930534 -113.49881338912395 -113.8769283282391 -113.50034358197318 -113.49890822641895 -113.87680275114346 -113.50032538211678 -113.49869611775011 -113.87680275114346 -113.50033776204889 -113.49879086698992
0.02 -113.8760454757334 -113.5026213858615 -113.49764811190387 -113.87604690690763 -113.50273844859383 -113.4980286022306 -113.87554501560444 -113.5025775838163 -113.49717981964689 -113.87554501560444 -113.50269266880814 -113.49755890287065
0.03 -113.8745710878525 -113.50497978759519 -113.49570243152822 -113.87457828637044 -113.50535903720268 -113.49656277421772 -113.8734505841912 -113.5048653505731 -113.4946517586508 -113.8734505841912 -113.50523729988892 -113.4955049930035
0.04 -113.8725005430214 -113.50699464777534 -113.4929777292572 -113.8725230898981 -113.50784089683805 -113.49534808467128 -113.87052211961665 -113.5067849912037 -113.49111722577608 -113.87052211961665 -113.50761481963104 -113.49263484314801
0.05 -113.86982777804467 -113.50847698148584 -113.48947104950152 -113.86988219646075 -113.51004185578589 -113.49457154960868 -113.8667632934079 -113.50814971861891 -113.48657867099286 -113.8667632934079 -113.50968328102766 -113.488951452181
0.06 -113.86654545202411 -113.50930969948105 -113.48518069049331 -113.86665674212063 -113.51188798644209 -113.49368177863973 -113.86217873353868 -113.50884215264946 -113.48104116399469 -113.86217873353868 -113.51136304948697 -113.48446061435325
0.07 -113.86264525762887 -113.50940792393638 -113.48010087572183 -113.8628481368164 -113.51333040350465 -113.49270526055302 -113.85677396229892 -113.50877752305415 -113.47450712759534 -113.85677396229892 -113.51259654630222 -113.47916546267962
0.08 -113.85811822010884 -113.50870914819484 -113.47423213806714 -113.858458043991 -113.51433443028178 -113.49167867236132 -113.85055532758241 -113.5078945742369 -113.46698622186041 -113.85055532758241 -113.51333925150047 -113.47307676788408
0.09 -113.85295506494666 -113.50716544206986 -113.46756825719167 -113.85348842394113 -113.51487157634628 -113.49062922358917 -113.84352993092918 -113.50614783048024 -113.45848268510247 -113.84352993092918 -113.51355305589999 -113.46619968420963
0.1 -113.84714650966073 -113.50474247396794 -113.46010643801758 -113.84794151081482 -113.51491985730301 -113.48958636503797 -113.83570555544676 -113.50350591708771 -113.44900493705076 -113.83570555544676 -113.51320688630801 -113.4587699458166
