0.0 0.0 0.0 0.0 0.0
0.013130372221648555 0.00074568946062674 -0.0005540096707434909 3.2345825286829636e-06 0.0001949143724119321
0.02626074444329711 0.0028927514756486752 -0.0021743782537132906 5.0509830429135844e-05 0.0007688830523645204
0.039391116664945665 0.006189252123015243 -0.0047397788983121695 0.0002447269407800539 0.0016942001654831275
0.05252148888659422 0.010275825714552782 -0.00806638863190674 0.0007239461657856058 0.0029333832484316484
0.06565186110824277 0.014743803628554061 -0.011922396573836869 0.0016124669544384115 0.004433874009155604
0.07878223332989133 0.019216999275351018 -0.016072637685685596 0.0029718771503025702 0.006116238739967993
0.09191260555153988 0.023388485728624203 -0.020294619297312896 0.004770105432837062 0.007863971864148368
0.10504297777318844 0.027059721729917736 -0.024412655627642242 0.006891571877069999 0.009538637979345493
0.118173349994837 0.03015584030456237 -0.02832669188388411 0.009184187434657664 0.011013335855335926
0.13130372221648554 0.032687485020537775 -0.031990953480358415 0.011508339650279285 0.012204871190458644
