1.3 -199.85740776145184 -199.68289790733334 -199.61029785026483 -199.85740776557563 -199.68289805869316 -199.6104977651582 -199.85739470336318 -199.682897827191 -199.61014277591474 -199.85739470336318 -199.6828979779967 -199.6103425670945
1.35 -199.87015326628813 -199.69564977766595 -199.62770913087243 -199.8701532707592 -199.6956499617099 -199.6279131386991 -199.8701395343364 -199.69564967838176 -199.62755093239224 -199.8701395343364 -199.69564986168314 -199.62775481143186
1.4000000000000001 -199.8799129048202 -199.7054172626916 -199.64224235513979 -199.8799129096952 -199.7054174904259 -199.64245044263674 -199.87989840782433 -199.70541713756532 -199.64208123306832 -199.87989840782433 -199.70541736428174 -199.64228918670253
1.4500000000000002 -199.88717895989888 -199.7126929806136 -199.65433051614636 -199.88717896523923 -199.71269326723953 -199.65454266308254 -199.88716360589206 -199.71269282028365 -199.6541666652551 -199.88716360589206 -199.71269310548325 -199.65437867326702
1.5 -199.89235693611622 -199.7178828853689 -199.66433037364956 -199.89235694198877 -199.71788325226964 -199.66454655518322 -199.89234063169297 -199.717882676534 -199.66416398450974 -199.89234063169297 -199.71788304139116 -199.66438002212533
1.55 -199.89578130148038 -199.72132204906274 -199.67253577442295 -199.89578130795772 -199.72132252688854 -199.6727559610177 -199.8957639514392 -199.7213217724898 -199.67236703579255 -199.8957639514392 -199.72132224731993 -199.67258707365616
1.6 -199.89772932186585 -199.7232885581053 -199.67918953797724 -199.89772932902682 -199.72328919168774 -199.67941369205872 -199.89771082903388 -199.7232881854504 -199.67901864076498 -199.89771082903388 -199.72328881453421 -199.6792426416944
1.6500000000000001 -199.89843251567777 -199.72401506309475 -199.6844935245966 -199.89843252360765 -199.72401591949654 -199.68472159282035 -199.89841278084904 -199.72401455169145 -199.68432066826932 -199.89841278084904 -199.72401540115982 -199.68454857969525
1.7000000000000002 -199.89808575483482 -199.72369803067366 -199.68861680559095 -199.89808576362563 -199.72369921280358 -199.68884870458947 -199.89806467679 -199.723697314723 -199.68844220847032 -199.89806467679 -199.72369848585708 -199.68867394850295
1.75 -199.89685432358846 -199.72250504927374 -199.69170205192418 -199.89685433333895 -199.72250671976713 -199.6919376431499 -199.89683179918572 -199.72250402441617 -199.69152596822326 -199.89683179918572 -199.72250567690224 -199.69176140112313
1.8 -199.8948793448732 -199.7205806752756 -199.69387031749858 -199.894879355689 -199.7205831001648 -199.6941093619324 -199.8948552692079 -199.72057917045652 -199.69369306701915 -199.8948552692079 -199.7205815647543 -199.6939319592095
1.85 -199.8922819653001 -199.71805136331994 -199.69522433045964 -199.89228197729375 -199.71805499576965 -199.69546640316224 -199.89225623192988 -199.7180490870686 -199.69504635369128 -199.89225623192988 -199.7180526652889 -199.6952882911675
1.9000000000000001 -199.88916661989185 -199.71503011867597 -199.69585021349408 -199.88916663318258 -199.7150357681705 -199.69609453281552 -199.8891391211192 -199.71502655117507 -199.69567218063503 -199.8891391211192 -199.71503209963947 -199.69591640480206
1.9500000000000002 -199.88562361826513 -199.71162179519177 -199.69581714935853 -199.88562363297874 -199.71163098816007 -199.69606221497054 -199.88559424546497 -199.7116159598709 -199.6956401894638 -199.88559424546497 -199.71162495355836 -199.69588525134773
2.0 -199.8817312258963 -199.7079306844377 -199.69517368118613 -199.88173124216493 -199.70794646513983 -199.69541647221064 -199.88169986987276 -199.7079206448184 -199.69499988569237 -199.88169986987276 -199.70793600787266 -199.69524288444916
2.05 -199.8775573631925 -199.70407333098782 -199.69393796730571 -199.87755738115425 -199.70410201076646 -199.69417219248524 -199.8775239145482 -199.7040550979746 -199.69377148275075 -199.8775239145482 -199.7040828612689 -199.69400640752525
2.1 -199.87316101016967 -199.70019865442524 -199.69208010639682 -199.8731610299683 -199.70025279717697 -199.69229321845626 -199.87312535967249 -199.70016429715227 -199.69192902326085 -199.87312535967249 -199.70021648163296 -199.69214386967911
2.1500000000000004 -199.86859338114837 -199.69649576682917 -199.689516297433 -199.86859340293296 -199.69659417758 -199.68968950471987 -199.86855542008342 -199.69643318404215 -199.68939287817653 -199.86855542008342 -199.69652821907536 -199.68956923021807
2.2 -199.86389891805138 -199.69311047856658 -199.6861939611766 -199.8638989419759 -199.69326382448713 -199.68631660718944 -199.86385853854935 -199.69301224891885 -199.68610578915676 -199.86385853854935 -199.69316178571734 -199.68623200627528
2.25 -199.85911613946996 -199.69000205365302 -199.68223635358524 -199.85911616569302 -199.6902008618728 -199.6823179199612 -199.85907323480708 -199.68987426768885 -199.6821775001404 -199.85907323480708 -199.69007008055087 -199.682261816831
2.3 -199.85427837377034 -199.68701121553835 -199.6778757378065 -199.85427840245478 -199.6872400126125 -199.67793170583715 -199.85423283863796 -199.68686480810038 -199.67783542882918 -199.85423283863796 -199.68709151977973 -199.67789323024525
2.35 -199.84941439744358 -199.68401794361887 -199.67329662164227 -199.84941442875626 -199.68426608163165 -199.6733376472543 -199.8493661281884 -199.68386073934755 -199.6732671910224 -199.8493661281884 -199.68410739146935 -199.6733094436481
2.4000000000000004 -199.84454899416227 -199.68096834658513 -199.6686098041435 -199.84454902827392 -199.6812298492914 -199.66864187286808 -199.84449788899897 -199.68080485059303 -199.66858690204288 -199.84449788899897 -199.68106522373077 -199.66861983473115
2.45 -199.8397034457252 -199.67784709859816 -199.66388076018214 -199.83970348281022 -199.6781186543799 -199.6639071952687 -199.8396494049226 -199.67767987896914 -199.66386196953218 -199.8396494049226 -199.67795051895482 -199.66388904826837
2.5 -199.83489596299563 -199.67465670500752 -199.65915110323772 -199.83489600323205 -199.67493640062884 -199.65917383287174 -199.83483888903555 -199.67448730619512 -199.65913502542867 -199.83483888903555 -199.67476621906246 -199.65915825936332
2.55 -199.83014206308513 -199.6714072830577 -199.6544494652687 -199.83014210665465 -199.67169395545076 -199.65446967162904 -199.83008186079908 -199.6712366987222 -199.65443524649058 -199.83008186079908 -199.6715226744225 -199.6544558650689
2.6 -199.8254548980411 -199.66811189086914 -199.64979678444686 -199.82545494512914 -199.66840479971563 -199.64981523182567 -199.82539147473966 -199.6679408030946 -199.64978387568615 -199.82539147473966 -199.66823307282198 -199.64980267202563
2.6500000000000004 -199.8208455399547 -199.66478435884468 -199.64520900060631 -199.82084559075065 -199.66508301516177 -199.64522620736474 -199.82077880554556 -199.6646132631181 -199.64519703195134 -199.82077880554556 -199.66491131990134 -199.64521454279216
2.7 -199.8163232274164 -199.66143823877758 -199.64069853342784 -199.81632328211387 -199.66174231079773 -199.64071486649263 -199.8162530944963 -199.66126751237516 -199.64068724510665 -199.8162530944963 -199.66157101267854 -199.64070384958703
