1.3 -199.85729904404351 -199.68294339509256 -199.6099643564819 -199.8572991099444 -199.68294580550938 -199.6107630211893 -199.85724691382688 -199.68294214134278 -199.60934709706157 -199.85724691382688 -199.68294451694697 -199.61014381853155
1.35 -199.8700426723887 -199.69571214861304 -199.6273544697016 -199.87004274384014 -199.69571507720056 -199.6281691714749 -199.86998785495035 -199.69571059900946 -199.62672498822565 -199.86998785495035 -199.6957134810636 -199.62753767483858
1.4000000000000001 -199.87980016530048 -199.7055005636994 -199.64186144218183 -199.87980024320802 -199.70550418347457 -199.64269200181195 -199.87974229714064 -199.7054986163646 -199.64122060616205 -199.87974229714064 -199.70550217257153 -199.64204908257327
1.4500000000000002 -199.88706380922758 -199.71280220982393 -199.65391734598725 -199.88706389457366 -199.71280675855246 -199.65476350892726 -199.88700252380156 -199.712799723576 -199.65326602809526 -199.88700252380156 -199.7128041836209 -199.6541100459055
1.5 -199.89223911334716 -199.71802430054822 -199.6638776945205 -199.89223920720016 -199.71803011040643 -199.66473911861067 -199.89217403845993 -199.71802107687225 -199.6632167916024 -199.89217403845993 -199.71802676041764 -199.66407601887389
1.55 -199.89566055085263 -199.72150357343062 -199.67203466835016 -199.89566065437427 -199.72151111609463 -199.67291089072182 -199.89559130723313 -199.72149932913555 -199.67136513019457 -199.89559130723313 -199.72150668811165 -199.67223912129845
1.6 -199.89760539277881 -199.72352032575938 -199.67862886294014 -199.89760550722994 -199.72353028215343 -199.6795192365281 -199.89753159337994 -199.7235146508745 -199.67795173738406 -199.89753159337994 -199.72352433444007 -199.67883987443292
1.6500000000000001 -199.89830516213996 -199.72431016453118 -199.68385915773686 -199.8983052888849 -199.7243235345668 -199.68476274279388 -199.89822641189107 -199.724302456504 -199.68317566113143 -199.89822641189107 -199.72431541245192 -199.68407705393068
1.7000000000000002 -199.8979547346158 -199.72407354356915 -199.68789060230665 -199.89795487512583 -199.7240918215044 -199.68880598847866 -199.89787063050073 -199.72406290302376 -199.6872022296023 -199.89787063050073 -199.72408053841798 -199.68811555251784
1.75 -199.8967193972948 -199.72298346895948 -199.69086040656114 -199.89671955315032 -199.72300892698522 -199.6917854241893 -199.89662952871356 -199.7229685328825 -199.69016910446751 -199.89662952871356 -199.72299297140373 -199.6910923340085
1.8 -199.89474027511153 -199.72119187981744 -199.6928821908877 -199.89474044800295 -199.72122802848608 -199.6938134440953 -199.8946442245161 -199.72117055391334 -199.69219063169632 -199.8946442245161 -199.7212050497065 -199.69312062620176
1.85 -199.8921385160079 -199.7188352081834 -199.69404864941853 -199.89213870773528 -199.7188875342488 -199.69498077141978 -199.8920358597988 -199.71880424305456 -199.6933606602704 -199.8920358597988 -199.7188538384469 -199.69429249534636
1.9000000000000001 -199.88901855587008 -199.71603949058948 -199.69443281274664 -199.8890187683413 -199.71611658179668 -199.69535733464468 -199.8889088655226 -199.71599384112193 -199.6937540205519 -199.8889088655226 -199.71606636602013 -199.6946799832653
1.9500000000000002 -199.88547070489227 -199.71292499736586 -199.69408838370344 -199.88547094011994 -199.71304003634614 -199.69499223522047 -199.885353548262 -199.7128569673938 -199.69342707339 -199.885353548262 -199.7129643842526 -199.69433531193266
2.0 -199.88157322898948 -199.70960927458185 -199.69305058644343 -199.8815734890869 -199.70978132899614 -199.69391480182864 -199.88144817173418 -199.70950772460034 -199.69241849467184 -199.88144817173418 -199.7096673964565 -199.69329174639407
2.05 -199.87739404898036 -199.7062054101155 -199.69134097201913 -199.87739433615621 -199.70645866986592 -199.69214145050753 -199.87726065603235 -199.70605596982398 -199.69075307462333 -199.87726065603235 -199.7062903937429 -199.69156893028517
2.1 -199.87299214533834 -199.70281085237602 -199.68898104831592 -199.87299246189104 -199.7031690964681 -199.6896940865762 -199.8728499823672 -199.70259871012422 -199.68845276954406 -199.8728499823672 -199.70293129044146 -199.68918789942256
2.1500000000000004 -199.86841873293088 -199.69948751308658 -199.6860141561571 -199.86841908124265 -199.6999645761656 -199.68662598258862 -199.86826736774742 -199.6992029760914 -199.68555580605474 -199.86826736774742 -199.69964960624722 -199.68619437899198
2.2 -199.86371825435393 -199.69624826906409 -199.68252059625368 -199.86371863688456 -199.69684229112707 -199.68303312341646 -199.8635572582209 -199.69589125223334 -199.68213287859592 -199.8635572582209 -199.69645365014892 -199.68267322882207
2.25 -199.85892922901988 -199.69306679129988 -199.6786091702668 -199.85892964830103 -199.69376387182538 -199.6790363439237 -199.85875817784978 -199.6926458957574 -199.6782841001889 -199.85875817784978 -199.69331308637493 -199.67873724801638
2.3 -199.85408498629937 -199.6899032588123 -199.67439264604866 -199.8540854449293 -199.6906854535822 -199.67475245223775 -199.8539034617321 -199.68943099965855 -199.67411831806658 -199.8539034617321 -199.69018634260814 -199.67450094618133
2.35 -199.8492143039018 -199.68672451566476 -199.6699686358255 -199.84921480454082 -199.68757536530075 -199.67027757662677 -199.84902189426498 -199.6862131861739 -199.6697333552419 -199.84902189426498 -199.68704032608449 -199.67006186275879
2.4000000000000004 -199.84434196697958 -199.68351088027038 -199.6654137085277 -199.8443425123465 -199.68441729693996 -199.66568491977446 -199.84413826813963 -199.68297073584674 -199.66520780306544 -199.84413826813963 -199.68385616614538 -199.665495746205
2.45 -199.83948925911213 -199.68025478770892 -199.66078557235065 -199.83948985198177 -199.68120696924086 -199.66102891378168 -199.8392738752245 -199.67969380685236 -199.66060162690957 -199.8392738752245 -199.68062719205676 -199.66085940102369
2.5 -199.8346743932938 -199.6769571442003 -199.65612745707298 -199.83467503649587 -199.67794789048145 -199.65635019983492 -199.83444693745727 -199.67638139283184 -199.65595994538367 -199.83444693745727 -199.6773550490514 -199.65619530839604
2.55 -199.82991288914405 -199.67362404283233 -199.65147206069656 -199.8299135855631 -199.6746480630837 -199.6516795834549 -199.82967298397273 -199.67303813628183 -199.65131687960675 -199.82967298397273 -199.67404638067686 -199.65153560597
2.6 -199.82521790159333 -199.67026443694763 -199.64684447697005 -199.82521865417 -199.67131780638016 -199.64704081206386 -199.82496517973385 -199.66967192978856 -199.64669855309617 -199.82496517973385 -199.67071053366726 -199.64690498352198
2.6500000000000004 -199.82060050597124 -199.6668886302757 -199.64226422657597 -199.82060131770476 -199.66796839935134 -199.6424524529479 -199.82033461055914 -199.66629230653658 -199.64212522284774 -199.82033461055914 -199.66735808862384 -199.6423226732308
2.7 -199.81606989387706 -199.66353585796062 -199.63775324491664 -199.8160707675588 -199.6646402829954 -199.63793531468173 -199.815790542955 -199.66293738348875 -199.63761959469463 -199.815790542955 -199.66402844432153 -199.63781017882707
