0.0 -199.86395910419134 -199.69011014186748 -199.6893973460788 -199.86395910419134 -199.69011014186748 -199.6893973460788 -199.86395910419134 -199.69011014186748 -199.6893973460788 -199.86395910419134 -199.69011014186748 -199.6893973460788
0.005 -199.86389891805138 -199.69311047856658 -199.6861939611766 -199.8638989419759 -199.69326382448713 -199.68631660718944 -199.86385853854935 -199.69301224891885 -199.68610578915676 -199.86385853854935 -199.69316178571734 -199.68623200627528
0.01 -199.86371825435393 -199.69624826906409 -199.68252059625368 -199.86371863688456 -199.69684229112707 -199.68303312341646 -199.8635572582209 -199.69589125223334 -199.68213287859592 -199.8635572582209 -199.69645365014892 -199.68267322882207
0.015 -199.86341669740466 -199.69917459517018 -199.67873484605852 -199.86341863108146 -199.7005116421302 -199.67989723759575 -199.8630564923226 -199.69842289787258 -199.6778138199193 -199.8630564923226 -199.69965047006835 -199.679066507739
0.02 -199.86299357873241 -199.7018527964889 -199.67486024387102 -199.8629996775727 -199.70425054428947 -199.67692984790068 -199.8623582411493 -199.70059544944235 -199.67315145869742 -199.8623582411493 -199.70272811070433 -199.67542584691955
0.025 -199.86244825029397 -199.7042478909698 -199.67090142369818 -199.86246310747592 -199.70803695917118 -199.67413960021412 -199.8614652513525 -199.7024002045613 -199.6681318800596 -199.8614652513525 -199.70566228644992 -199.67175089539052
0.03 -199.8617796959779 -199.7063513269445 -199.66689218158174 -199.86181042605614 -199.71187978206203 -199.671563741474 -199.86038098084381 -199.703850332033 -199.6627767706531 -199.86038098084381 -199.70845445252505 -199.66807262245982
0.035 -199.86098620770463 -199.7081634785966 -199.66288162490326 -199.8610429548373 -199.71580273494945 -199.66925215318713 -199.85910953632953 -199.70496224066608 -199.65712944868596 -199.85910953632953 -199.71111398409926 -199.66443889572324
0.04 -199.86006756400792 -199.70964365680553 -199.65882501093046 -199.86016408317167 -199.71976856548778 -199.66718025496652 -199.85765552941794 -199.70572269355486 -199.65113916664433 -199.85765552941794 -199.71360410875968 -199.6608175922423
0.045 -199.8590222783646 -199.71079519598337 -199.6547505410891 -199.8591764280096 -199.72379892652447 -199.66538205039618 -199.85602409069276 -199.7061493516555 -199.6448389615093 -199.85602409069276 -199.71593265425795 -199.65724710814035
0.05 -199.85784930837943 -199.71161198326902 -199.65065681964376 -199.85808361862138 -199.7278993035126 -199.66386543165592 -199.85422072398902 -199.70625193760384 -199.63823632041328 -199.85422072398902 -199.71809509124716 -199.6537432430359
