1.3 -199.8574425493241 -199.6828828721539 -199.6104161651203 -199.8574425493307 -199.68288287239648 -199.61042416496258 -199.85744202674292 -199.68288287202472 -199.6104099519427 -199.85744202674292 -199.68288287226724 -199.61041795158584
1.4 -199.87994897892963 -199.70538987288631 -199.64237717431624 -199.87994897893742 -199.70538987325153 -199.6423855036558 -199.879948398748 -199.70538987268426 -199.6423707171196 -199.879948398748 -199.7053898730494 -199.64237904624306
1.5 -199.8923946357014 -199.7178363986126 -199.66448989943768 -199.89239463571082 -199.7178363992018 -199.66449855750412 -199.892393983165 -199.71783639827444 -199.66448322807827 -199.892393983165 -199.71783639886345 -199.6644918859109
1.6 -199.89776897388614 -199.72321207992883 -199.67938608685 -199.8977689738976 -199.72321208094897 -199.67939507362672 -199.89776823373975 -199.72321207932248 -199.67937922874714 -199.89776823373975 -199.72321208034234 -199.67938821527147
1.7 -199.89812767387457 -199.72357293060395 -199.68887044715134 -199.89812767388864 -199.72357293251818 -199.68887976428192 -199.8981268302276 -199.72357292942888 -199.68886342790907 -199.8981268302276 -199.72357293134237 -199.688872744768
1.8 -199.8949238369045 -199.72037274193193 -199.69421675642963 -199.8949238369218 -199.72037274591096 -199.694226406458 -199.89492287323955 -199.7203727394177 -199.6942096010439 -199.89492287323955 -199.7203727433947 -199.69421925078134
1.9 -199.8892139863038 -199.71466970101645 -199.69636067077494 -199.88921398632505 -199.71466971062029 -199.6963706545061 -199.8892128855775 -199.71466969479613 -199.69635340572177 -199.8892128855775 -199.71466970439255 -199.69636338914603
2.0 -199.88178176589875 -199.70725266919354 -199.6960149267412 -199.88178176592479 -199.70725269936267 -199.69602523327126 -199.88178051071876 -199.70725264926145 -199.69600758670185 -199.88178051071876 -199.70725267939184 -199.69601789293438
2.1 -199.87321502154538 -199.69873796607465 -199.6937189599469 -199.87321502157707 -199.69873814694617 -199.69372946223203 -199.87321359439332 -199.69873784496488 -199.6937116578744 -199.87321359439332 -199.69873802531416 -199.69372216032323
2.2 -199.86395669695165 -199.69052513437654 -199.68897423154934 -199.86395669698993 -199.69053318946598 -199.68897720810875 -199.86395508041406 -199.6905197207927 -199.68897218486157 -199.86395508041406 -199.69052775460978 -199.6889751823123
2.3 -199.8543402140458 -199.6854175633224 -199.67968297398545 -199.8543402140917 -199.68542875569105 -199.67968316306076 -199.85433839102276 -199.68541022201293 -199.67968284421192 -199.85433839102276 -199.68542141349099 -199.67968303377452
2.4 -199.84461518637534 -199.67982101595408 -199.6699913263349 -199.8446151864299 -199.67983267429966 -199.66999140040463 -199.84461314025324 -199.67981361069104 -199.6699912755096 -199.84461314025324 -199.67982526849923 -199.66999134969194
2.5 -199.83496679304952 -199.67371063037288 -199.66035395402366 -199.8349667931139 -199.67372266922393 -199.66035400030017 -199.83496450783744 -199.67370324560537 -199.66035392238302 -199.83496450783744 -199.67371528395972 -199.66035396871123
2.6 -199.82553064542435 -199.6672675842647 -199.65092242130868 -199.8255306454997 -199.66727998951703 -199.65092245681544 -199.8255281058575 -199.66726025463512 -199.65092239720408 -199.8255281058575 -199.66727265939198 -199.65092243274302
2.7 -199.81640416330853 -199.66064679889536 -199.64179777497696 -199.81640416339607 -199.66065956929546 -199.64179780551007 -199.81640135492998 -199.660639549176 -199.64179775446144 -199.81640135492998 -199.66065231907345 -199.6417977850182
