1.3 -199.85381317380728 -199.6834056194164 -199.5995768351099 -199.85385267539053 -199.68473270911738 -199.6187745233692 -199.85258962060635 -199.6829777249593 -199.58601636814532 -199.85258962060635 -199.68396464330758 -199.6044917974543
1.35 -199.86649559980088 -199.6965195087443 -199.616468783098 -199.8665384339278 -199.69810150762348 -199.63585830948745 -199.86521117218643 -199.6960157246476 -199.60270940046118 -199.86521117218643 -199.69716706954543 -199.6214242466193
1.4000000000000001 -199.8761830749542 -199.70672034213482 -199.63038461111572 -199.87622979323643 -199.7086252372871 -199.64990018253366 -199.8748296243239 -199.7061222921647 -199.61645787677617 -199.8748296243239 -199.70747784776856 -199.63537343245582
1.4500000000000002 -199.8833679807854 -199.7145102990051 -199.64174904061196 -199.88341918291297 -199.7168203498709 -199.66131072429076 -199.8819373537919 -199.71379605919552 -199.62768903539606 -199.8819373537919 -199.71540312672235 -199.64675889957647
1.5 -199.8884559476094 -199.72030591751962 -199.65090903471764 -199.88851228770613 -199.7231182860438 -199.67042258845402 -199.88693992556512 -199.7194496715373 -199.63675261337178 -199.88693992556512 -199.72136378542203 -199.65592249434775
1.55 -199.8917815841641 -199.72445316799067 -199.6581479281062 -199.89184377601566 -199.7278785164757 -199.67750651403904 -199.8901718494035 -199.7234251138721 -199.64393474558344 -199.8901718494035 -199.72571017458648 -199.6631427058946
1.6 -199.8936222921436 -199.72724035452205 -199.6636983703041 -199.89369111355035 -199.7313984751309 -199.6827870900753 -199.8919104108848 -199.72600702092652 -199.6494705492062 -199.8919104108848 -199.72873450154376 -199.6686480200436
1.6500000000000001 -199.89420970414594 -199.72890837717242 -199.66775373165657 -199.89428600051465 -199.73392043679237 -199.68645742412858 -199.89238711958203 -199.7274335099143 -199.65355501202504 -199.89238711958203 -199.73068041614263 -199.6726289135759
1.7000000000000002 -199.8937387752953 -199.72965845767376 -199.67047784930793 -199.8938234624493 -199.7356365854274 -199.6886914565274 -199.89179680799705 -199.72790458456078 -199.65635209943005 -199.89179680799705 -199.73175001465782 -199.6752482518052
1.75 -199.89237483984914 -199.7296578211548 -199.67201309283882 -199.892468905945 -199.73669413333994 -199.6896525319424 -199.89030469451708 -199.72758847712433 -199.65800218000925 -199.89030469451708 -199.7321089605797 -199.67664986081164
1.8 -199.89025904039912 -199.72904401886967 -199.6724867272206 -199.89036354679897 -199.73720190158392 -199.68949747644226 -199.88805181872095 -199.72662642728596 -199.65862793326136 -199.88805181872095 -199.7318906438423 -199.67696501335823
1.85 -199.88751251839435 -199.72792858114414 -199.67201553940356 -199.88762859934693 -199.73723847227072 -199.6883767198447 -199.88515923770024 -199.72513639988512 -199.65833889544734 -199.88515923770024 -199.73120021158644 -199.6763166489939
1.9000000000000001 -199.88423968512362 -199.72640052519756 -199.67070876115542 -199.88436854614545 -199.73686080755826 -199.6864321206186 -199.8817313021377 -199.72321616675137 -199.65723477931664 -199.8817313021377 -199.730118937561 -199.67482141666605
1.9500000000000002 -199.88053081358993 -199.7245299658232 -199.66866947897208 -199.8806737284909 -199.7361119034018 -199.68379435882943 -199.87785825216972 -199.72094605661414 -199.655407706682 -199.87785825216972 -199.72870892068352 -199.6725899862072
2.0 -199.87646412425084 -199.72237179179052 -199.66599490309224 -199.8766224308086 -199.7350265699396 -199.68058113497128 -199.87361830575594 -199.7183915407001 -199.65294352519402 -199.87361830575594 -199.72701774737763 -199.66972632690744
2.05 -199.87210748721574 -199.71996918523377 -199.66277597352104 -199.87228258156125 -199.73363519391174 -199.67689656946786 -199.8690793621063 -199.71560569905554 -199.6499224230165 -199.8690793621063 -199.7250826581117 -199.66632666573855
2.1 -199.8675198288687 -199.71735672527785 -199.65909675914907 -199.86771315869612 -199.73196585096358 -199.67283162770855 -199.8643004082769 -199.71263152864546 -199.64641908049376 -199.8643004082769 -199.7229338949725 -199.66247864354642
2.1500000000000004 -199.86275230770445 -199.71456290049937 -199.65503397987865 -199.8629653644603 -199.73004529667736 -199.6684651921575 -199.85933269398825 -199.70950401992 -199.64250258858195 -199.85933269398825 -199.72059713366582 -199.65826091827236
2.2 -199.85784930837943 -199.71161198326902 -199.65065681964376 -199.85808361862138 -199.7278993035126 -199.66386543165592 -199.85422072398902 -199.70625193760384 -199.63823632041328 -199.85422072398902 -199.71809509124716 -199.6537432430359
2.25 -199.85284929152652 -199.70852532694872 -199.64602706213822 -199.85310640766943 -199.72555267376723 -199.6590912273788 -199.84900310582833 -199.70289927537573 -199.6336778797761 -199.84900310582833 -199.71544849659242 -199.64898692344437
2.3 -199.84778552789254 -199.70532220511316 -199.64119949834415 -199.84806701858216 -199.72302912960026 -199.65419351972622 -199.84371328185918 -199.69946639238316 -199.62887918726165 -199.84371328185918 -199.71267662457913 -199.6440455204899
2.35 -199.84268673814185 -199.70202032367493 -199.63622252229942 -199.842994178516 -199.72035118743784 -199.64921651337022 -199.8383801670051 -199.69597086841398 -199.62388671511914 -199.8383801670051 -199.70979756250324 -199.63896567748236
2.4000000000000004 -199.83757765380406 -199.69863611945004 -199.6311388314547 -199.837912615914 -199.7175400648189 -199.6441987196404 -199.8330287078705 -199.69242812889973 -199.61874185052392 -199.8330287078705 -199.70682832969987 -199.63378798027512
2.45 -199.83247951043262 -199.69518493011293 -199.62598616317808 -199.83284355410572 -199.71461563396696 -199.63917383604755 -199.8276803742829 -199.688851892663 -199.61348135264817 -199.8276803742829 -199.7037849272256 -199.62854779156095
2.5 -199.82741048088675 -199.69168109217335 -199.62079801774044 -199.82780514531046 -199.71159641907227 -199.6341714710263 -199.82235359113565 -199.68525448900562 -199.6081378668846 -199.82235359113565 -199.7006823608856 -199.62327602495031
2.55 -199.8223848939423 -199.6881519812547 -199.61563324437773 -199.82281160700697 -199.70852282809847 -199.62923841128284 -199.81706413047263 -199.68165488613312 -199.60277051103043 -199.81706413047263 -199.69754955661264 -199.61802405044992
2.6 -199.81741816801159 -199.68458245974273 -199.6104613355153 -199.81787848797643 -199.70536471857076 -199.62435664544319 -199.81182538486726 -199.6780479078784 -199.5973455030261 -199.81182538486726 -199.69437006660465 -199.61276774469934
2.6500000000000004 -199.81252025357855 -199.68099774406647 -199.6053354578361 -199.81301561849176 -199.70215964690004 -199.61956685407173 -199.8066487352855 -199.67445029335119 -199.59191618692688 -199.8066487352855 -199.69117058756856 -199.60755249184638
2.7 -199.8077004010937 -199.67740862112467 -199.60103439349993 -199.808232206731 -199.69892122456454 -199.6148868106441 -199.80154374133608 -199.6708704811744 -199.58854516691758 -199.80154374133608 -199.68796235172798 -199.60239755257197

